x = [-0.865129623056441, -2.655020678073846, 0.600664612949661, 0.080378093886515, -2.899160484012034, 2.563004262857762, 3.078328403304206, 0.10590677838513, 0.048366940168201, -0.145696461188734, -0.023417155362879, 2.127729174988954, -1.176633086028377, 3.690223557991855, -0.622791766173194, 0.722837373872203, 2.739754205367484, -0.062610410524552, -0.891296810967338, -1.845872258871811, 1.195039415434387, -2.177388969045026, 1.078649103637905, 2.570976050490193, -1.383551403404574, 2.392141424058873, 2.858002843205065, -3.682433899725536, -3.48814664645115, 1.32346857888812, -0.099771155430726, 1.561168082500454, 1.025026795103179, 0.9288419001712, 2.93049950986495, 2.01334908976643, 2.381676148486737, -3.081062307950236, -0.389579115537544, 0.18154014916662, -2.601953341353208, 0.333435137783218, -2.812945856162965, 2.64910964017291, -1.003963025744654, 1.552460768755035, 0.088641345335247, -2.519951327113426, -4.341348988610527, 0.557772429359965, -1.671267412948494, 0.733951350960387, 0.409263788034864, 3.566033071952806, 1.882565173848352, -1.106017073793287, 0.154456720778718, -2.513205795512153, 0.310978660939421, 0.579706500111723, 8.6383683251e-05, -1.311866980897721, 1.840007477574986, -3.253005768451345, 1.462584328739432, 1.610103610851738, 0.761914676858907, 0.974541361089834, 0.686845845885983, 1.849153122025191, 0.787800410401453, -1.187438909666279, -0.75493791104472, 0.084373858395232, -2.600269011710521, -0.962982842142644, -0.369328108540868, 0.810791418361879, 3.587016488699641, -0.520776145083723, 0.640249919627884, 1.103122489464969, 2.231779881455556, -1.308035392685241, 0.424070304330106, -0.200383932651189, -2.365526783356541, -0.989114757436628, 2.770807688959777, -0.444172737462307, 0.079760979374078, -0.005199118412183, -0.664712668309527, -0.624171857561896, 0.537306979007338, -2.575955675497642, 1.56236323575678, 1.814069369848895, -1.293428583392509, -1.026188449495686, -2.981771815588717, -4.223468103075124, 2.672674782004045, -0.856096801117735, 0.048517345512563, -0.026860721136222, 0.392932277758187, -1.331740855093099, -1.894292129477081, -1.425006468460681, -2.721772427617057, -1.616831100216806, 3.551177651488947, -0.069685667896087, -3.134634907409102, -0.263627598944639, -1.65046994599135, -2.203580339374399, -0.872203246123242, 1.230782812607287, 0.257288860093291, 1.989083106173137, -1.985638729453261, -1.416185105842892, -1.131097688325772, -2.245130805416057, -1.938873996219074, 2.043608361562645, -0.583727989880841, -1.785266378212929, 1.961457586224753, 1.139400099963223, -1.979519343363991, 2.003023322818429, 0.229004069076829, 3.452808862193135, 2.882273808365857, -1.549450501844438, -3.283872089931876, -0.327025884099064, -0.05497997713643, -1.192280531479012, 0.645539328365578, 2.300832863404618, -1.09295178953524, -1.017368249363773, -0.142673056169787, 0.83107354488125, -2.314612531587064, -2.221456299106321, 0.460261143885226, 0.050585301888595, 0.364373329183988, -1.685956552069538, 0.050664512351055, -0.193355783902718, -0.158660446046828, 2.394156453841953, -1.562965718554525, -2.1997506008699, 1.544984022381773, -1.988307216807315, -0.628240722541046, -1.436235771505429, 1.677013691147313, 1.600741781678228, -0.757380959134706, -4.784797439515566, 0.265121462834569, 3.862029485934378, 2.38682357724943, -3.655779745436893, -0.763541621368016, -1.182140388432962, -1.349106114858063, -2.287533624396759, -0.028603745188423, -1.353580755934427, 0.461602380352937, -0.059599055078928, -0.929946734342228, 0.065773089295561, 1.106565863102982, 4.719295086373593, -2.108377703544395, -2.226393620240159, 1.375668397437521, -0.960772428525443, -2.156313465390571, 1.126060012375311, 2.75648513703072, 0.7396396908626, 3.914769510295006, 1.685232785586675, 4.079058040970612, -1.174598301660513, -2.88577658727558, -0.241073635188767, 3.080489872502403, -2.051244183999421, 0.664330486845139, -1.697798999370016, 1.452369423649782, -1.52353283101928, 0.171981186587481, -4.685274721583927, -1.33617583531938, 1.419070770428945, -0.035791601713475, 2.291937971632081, -1.962559313450293, -4.831595589339301, -1.857055284000925, 2.606271522635512, -0.57644797873803, 0.08229916696772, 1.888399453494614, -3.564705298046079, -0.939357831083889, -1.903578203697778, -2.64249221544725, -0.182990405251017, 3.742026478011174, 0.104295803798333, 1.848678195370347, -1.887384346896369, 0.365048973046045, -0.889638010354219, 1.173877118428863, -1.178562827540109, 0.610271645685184, 1.831284815697871, 0.449575390102283, 1.597171905253443, 3.918574971904773, 0.868104027970404, 0.582643134746494, 2.321256382353331, -0.23811864222318, -2.89028786805437, 0.970995414625622, 0.666137930891283, -0.202435718709502, 2.057930200518194, 3.120583443719949, -0.863945271701041, 0.90684889387463, -1.43412493022257, 0.754659384848783, -5.224154442713778, 2.330229744098967, 1.113946320164698, 0.52332492032284, 1.750740911548348, -0.899333972913577, 0.228705845203506, -1.934782624767648, -3.508386237231303, -2.10710852307351, 0.380587645474815, -0.476200877183279, -2.172086712642198, 1.795372535780299, -2.100318983391055, -0.022571122461405, 0.674514020010955, -0.148872569390857, 0.298175890592737, -1.13424449249359, -3.146848422289455, -1.357950199087602, 0.667362732020878, -3.119397998316724, -1.189341126297637, -1.532744386856668, -1.672972484202534, -2.042283373871558, -1.479481547595924, -0.002668662875396, 0.262737760129546, 2.73445608062183, -0.671945925075102, -3.735078262179111, -0.161705013319883, 0.748963512361001, 1.1280463743676, 0.649651335592966, 1.880020215025867, -1.095632293842306, 1.197764876160487, 0.323646656252985, -1.655502751114502, 3.666399062961496, -0.334060899735197, -2.119056978738397, 3.721375117275012, 0.044874186872307, -2.733053897593234, 1.590700278891042, 3.215711772781902, -1.792085012843801, -0.405797188885475, -0.628080020080892, -1.83181584084396, 2.973656862522834, -0.212032655138417, 0.372437389437234, -1.614030579023492, -0.704900996358698, 1.123700273452105, -0.136371848130819, 3.020284357635585, -0.550211350877649, 5.101256236381711, 3.367051512192333, -4.385131946669234, -3.967303337694391, -0.965894936640022, 0.328366945264681, 0.199041562924914, 1.067681999025495, -1.93951609169717, -1.092980954328824, 0.273786079368066, -0.040928322190265, -0.118368078577437, 1.766589628899997, 1.738321311635393, -2.895012794321649, 1.213521771395142, 0.922971726633985, 1.091516563636489, 3.22637846546962, 1.149169778666974, -1.695986327709386, -0.974803077355813, -4.898035507513607, 1.622719302889447, 0.583891313586579, -1.677182424094957, -1.915633132814685, -1.980150370851616, 0.60453826940419, 0.939862406149365, -1.266939874246416, -1.494771249200063, 0.278042784093988, 0.326627416008916, -1.914530157643303, 1.908947721862196, 0.531819285694044, 3.056856632319658, -0.389241827774643, -2.41860660678042, 0.915299238878703, -0.098774174295283, -0.906199428444304, 0.316716451217743, -4.367700643578311, 1.491687997515293, -1.962381126288365, -0.700829196527045, 3.02895896361563, -2.313461067462598, -1.431933239886712, -0.831153039725342, 3.939495598250743, 0.342974753984771, -2.768330763002974, -2.744010370019008, 3.821352685212561, 4.551065271455856, 3.270136437041298, -3.188028411950982, -0.777075012417436, 0.097110650265216, 1.221216137608812, -1.325824244541822, -2.655296734084113, -1.074792144885704, 2.770401584439407, 5.240270645610543, 0.108576672208892, -1.209394350650142, 1.403344353838785, -0.299032904177277, 4.074959450638227, 1.718727473952107, -3.061349227080806, -1.158596888541269, 3.381858904662625, 0.957339964054052, 0.179900074904899, -3.909641902506081, 0.805717289408649, 2.047413793928261, -1.273580225826614, -2.681359186869971, -0.721241345822093, -1.613090681569475, 0.463138804815955, 0.377223507800954, 2.046550684968141, 0.178508732797712, -0.477815330358845, 3.763355908332053, 1.300430303035163, -0.214625793857725, 1.343267891864081, -0.340007682433245, 2.062703194680005, 0.042032160234235, 