acc = [894.20076, 1051.7552, 1051.7552, 996.342812, 999.820984, 999.820984, 989.654485, 989.654485, 1043.618704, 1039.698514, 1039.698514, 1025.129748, 1025.129748, 1117.407714, 1143.034995, 1143.034995, 1217.89121, 1217.89121, 1145.735572, 988.346599, 988.346599, 820.756358, 820.756358, 1049.550856, 1009.583082, 1042.047024, 1042.047024, 1060.77566, 1252.057906, 1252.057906, 1191.245567, 1191.245567, 1070.064017, 1214.359914, 1214.359914, 1184.518468, 1184.518468, 1080.744651, 797.260309, 797.260309, 868.268968, 868.268968, 1027.418123, 2092.268864, 2092.268864, 1934.018097, 1934.018097, 1748.623173, 1347.406769, 1347.406769, 1030.386821, 1030.386821, 837.268177, 1523.010506, 1783.504415, 1783.504415, 1866.797793, 1866.797793, 1427.253657, 1281.254854, 1281.254854, 1227.55285, 1227.55285, 994.033199, 1088.614716, 1088.614716, 1331.564869, 1331.564869, 1702.171848, 1734.087945, 1734.087945, 1736.502231, 1736.502231, 1244.859028, 1198.075123, 1198.075123, 1153.179084, 1153.179084, 918.773639, 858.580806, 858.580806, 756.717252, 629.648315, 453.06291, 483.76854, 626.176493, 626.176493, 637.36175, 637.36175, 1109.544952, 1228.674082, 1228.674082, 1345.761123, 1345.761123, 1799.457974, 1897.432476, 1897.432476, 1691.837463, 1691.837463, 1384.517606, 1418.519298, 1418.519298, 1441.152317, 1094.847935, 1094.847935, 1084.955299, 1084.955299, 1029.735888, 1300.911988, 1300.911988, 1221.524048, 1330.214268, 1330.214268, 1887.339397, 1627.461213, 1627.461213, 1440.528028, 1440.528028, 1203.537287, 1052.576838, 1052.576838, 886.644799, 886.644799, 432.965357, 351.071218, 351.071218, 203.366664, 203.366664, 173.127121, 508.257809, 508.257809, 601.938535, 601.938535, 695.95474, 1027.646826, 1027.646826, 1062.254678, 1062.254678, 1103.433732, 2103.895672, 2043.156871, 2043.156871, 1990.233655, 1990.233655, 1211.565516, 1129.187761, 1129.187761, 1143.386636, 1143.386636, 892.301519, 943.842148, 943.842148, 1098.623229, 1098.623229, 1870.095987, 2014.422994, 2014.422994, 2060.934254, 2060.934254, 1563.827676, 1342.116984, 1342.116984, 1153.549739, 1153.549739, 1038.133421, 1010.480084, 1010.480084, 886.420893, 775.43923, 176.229963, 176.229963, 376.461153, 376.461153, 552.758537, 565.627086, 565.627086, 633.499013, 633.499013, 744.592506, 1186.663811, 1186.663811, 1258.071938, 1258.071938, 1097.186402, 1557.937739, 1557.937739, 1713.752316, 1713.752316, 1579.548353, 1452.388378, 1452.388378, 1500.194987, 1500.194987, 1291.486353, 1425.214019, 1425.214019, 1139.596859, 714.258357, 714.258357, 2166.738332, 1806.243893, 1806.243893, 1720.09709, 1720.09709, 1652.37405, 1590.14339, 1590.14339, 1571.458558, 1571.458558, 1069.366635, 916.290893, 916.290893, 564.610485, 564.610485, 682.574538, 494.645327, 494.645327, 573.791774, 573.791774, 754.352703, 368.739746, 368.739746, 142.481578, 232.776717, 232.776717, 459.531283, 499.788955, 499.788955, 556.3569, 556.3569, 914.453389, 1070.209793, 1070.209793, 1189.353186, 1189.353186, 2140.944184, 1849.497499, 1849.497499, 1883.658674, 1883.658674, 1177.007222, 1069.037417, 1069.037417, 1139.945613, 1139.945613, 1453.6578, 1526.944007, 1526.944007, 1441.8717, 1441.8717, 1456.427478, 1619.254767, 1759.09238, 1759.09238, 1656.798419, 1382.621062, 1382.621062, 1118.214201, 1118.214201, 878.8373, 1030.407201, 1030.407201, 1028.362776, 1028.362776, 869.415896, 1599.234192, 1599.234192, 2120.144571, 2120.144571, 2056.728956, 1211.799076, 1211.799076, 1457.436448, 1457.436448, 1507.945954, 913.151685, 913.151685, 724.65785, 724.65785, 704.291133, 1838.345452, 1982.954362, 1982.954362, 2073.616647, 2073.616647, 1839.765474, 1731.0699, 1731.0699, 1657.750584, 1657.750584, 1129.876542, 1198.978732, 1198.978732, 1231.536439, 1231.536439, 516.309984, 378.272389, 378.272389, 340.826936, 340.826936, 542.864624, 525.133316, 525.133316, 505.782562, 505.782562, 565.873661, 1624.698434, 1624.698434, 1500.853424, 1456.898075, 1456.898075, 1157.623859, 992.283226, 992.283226, 1165.104716, 1165.104716, 1028.424523, 1078.069107, 1078.069107, 1098.002277, 1098.002277, 1037.781287, 1110.261681, 1110.261681, 1196.652832, 1196.652832, 1285.760086, 1383.367269, 1383.367269, 1541.537868, 1820.380455, 1820.380455, 1612.944202, 1612.944202, 1432.472687, 1063.808723, 1063.808723, 1026.868054, 981.72705, 981.72705, 1174.557363, 1117.725369, 1117.725369, 1038.585095, 1038.585095, 1206.158779, 1342.118847, 1342.118847, 1603.799551, 1603.799551, 1459.959931, 1079.491084, 1079.491084, 835.280791, 835.280791, 1332.574201, 1178.409946, 1178.409946, 1132.347561, 1132.347561, 938.06503, 666.201921, 666.201921, 574.9313, 574.9313, 1014.125239, 990.681079, 1055.78549, 1055.78549, 1178.748913, 1178.748913, 1518.745864, 1465.943382, 1465.943382, 1322.170186, 1322.170186, 1563.469539, 1664.342813, 1664.342813, 1701.566925, 1027.094446, 1027.094446, 1167.391537, 1167.391537, 1241.119253, 1005.738037, 1005.738037, 1004.932336, 1004.932336, 968.237058, 947.292457, 947.292457, 1009.272015, 1009.272015, 1005.61076, 1059.991038, 1016.599233, 1016.599233, 1124.964888, 1124.964888, 1389.061914, 1376.084663, 1376.084663, 1394.143823, 1394.143823, 1404.2895, 1239.338533, 1239.338533, 1149.345031, 1149.345031, 1319.17929, 1301.854831, 1301.854831, 1398.448068, 1398.448068, 1614.884516, 1750.32597, 1750.32597, 1910.585774, 1910.585774, 1353.458533, 1271.005114, 1271.005114, 1265.990521, 1282.055381, 857.155178, 857.155178, 724.332106, 724.332106, 708.834254, 399.270585, 399.270585, 339.141563, 339.141563, 314.178293, 314.178293, 273.038459, 276.436249, 276.436249, 429.058271, 429.058271, 931.055852, 958.347014, 958.347014, 965.287004, 965.287004, 1335.967065, 1361.05033, 1361.05033, 1368.012427, 1499.324181, 1416.619215, 1304.809948, 1173.44365, 1173.44365, 1126.269506, 1176.918434, 1176.918434, 1219.664298, 1219.664298, 1255.569194, 1640.367642, 1640.367642, 1746.466433, 1746.466433, 1862.655094, 1512.685361, 1512.685361, 1362.655129, 1362.655129, 1214.590466, 928.567176, 928.567176, 953.684958, 953.684958, 1044.455839, 1042.343513, 1042.343513, 988.60002, 988.60002, 1076.345669, 1545.294147, 1566.253172, 1566.253172, 1510.39763, 1510.39763, 1310.117934, 1399.881781, 1399.881781, 1380.333293, 1380.333293, 1095.869518, 1000.766706, 1000.766706, 904.894469, 904.894469, 611.039279, 780.058331, 780.058331, 849.104234, 849.104234, 1456.069023, 1626.847258, 1626.847258, 1891.176353, 1891.176353, 2065.124451, 1975.451594, 1975.451594, 1825.960843, 1750.623318, 1350.529526, 1350.529526, 1157.311972, 1157.311972, 1045.60987, 554.098367, 554.098367, 474.299483, 474.299483, 411.400049, 411.400049, 398.55489, 397.206495, 397.206495, 551.089829, 551.089829, 1011.835955, 959.532178, 959.532178, 867.9591, 867.9591, 1339.716388, 1387.850857, 1387.850857, 1436.126039, 1411.167247, 1313.660915, 1156.745434, 1148.518176, 1148.518176, 1166.407733, 1187.977273, 1187.977273, 1349.679962, 1349.679962, 1333.998501, 1384.154254, 1384.154254, 1432.901253, 1432.901253, 1467.372141, 1107.269615, 1107.269615, 1158.490397, 1158.490397, 1311.186867, 1467.154048, 1467.154048, 1451.037215, 1451.037215, 1422.163844, 1650.475386, 1650.475386, 1617.861861, 1517.160835, 1517.160835, 1073.980447, 1014.71326, 1014.71326, 974.124222, 974.124222, 589.109497, 564.942475, 564.942475, 548.906185, 548.906185, 438.758476, 513.118895, 513.118895, 537.461627, 537.461627, 927.882536, 848.295939, 848.295939, 881.55204, 881.55204, 1038.33954, 1786.164046, 1786.164046, 1901.309549, 1901.309549, 1781.193701, 1250.347552, 1015.395982, 1015.395982, 1190.71911, 1529.759458, 1529.759458, 1539.798688, 1539.798688, 1423.733472, 1253.191925, 1253.191925, 1349.234598, 1349.234598, 1307.517878, 525.407461, 525.407461, 666.577827, 666.577827, 969.793277, 969.793277, 1357.327153, 1209.065755, 1209.065755, 996.145572, 996.145572, 917.406126, 878.319987, 878.319987, 892.965285, 997.814612, 1585.848984, 1597.662355, 1596.109645, 1596.109645, 1565.692818, 1690.846238, 1690.846238, 1531.719948, 1531.719948, 1353.5483, 1026.371278, 1026.371278, 